467.0
467.0
467.0
450.0
443.0
390.0
390.0
382.0
382.0
382.0
382.0
382.0
382.0
382.0
382.0
382.0
382.0
369.0
351.0
351.0
351.0
351.0
351.0
351.0
351.0
351.0
351.0
351.0
351.0
351.0
351.0
351.0
351.0
351.0
351.0
351.0
351.0
351.0
333.0
333.0
333.0
333.0
333.0
333.0
333.0
333.0
333.0
328.0
328.0
328.0
324.0
324.0
324.0
324.0
323.0
323.0
321.0
315.0
299.0
291.0
291.0
291.0
291.0
291.0
291.0
291.0
291.0
291.0
291.0
291.0
291.0
291.0
291.0
291.0
291.0
291.0
291.0
291.0
291.0
291.0
291.0
291.0
291.0
291.0
291.0
291.0
291.0
291.0
291.0
291.0
291.0
291.0
291.0
291.0
291.0
291.0
291.0
291.0
291.0
291.0
291.0
291.0
291.0
291.0
291.0
291.0
291.0
291.0
291.0
291.0
291.0
291.0
291.0
291.0
291.0
291.0
291.0
291.0
291.0
291.0
291.0
291.0
291.0
291.0
291.0
291.0
291.0
291.0
291.0
291.0
291.0
291.0
291.0
291.0
291.0
291.0
291.0
291.0
291.0
291.0
291.0
291.0
291.0
291.0
291.0
291.0
291.0
291.0
291.0
291.0
291.0
291.0
291.0
291.0
291.0
291.0
291.0
291.0
291.0
291.0
291.0
291.0
291.0
291.0
291.0
291.0
291.0
291.0
291.0
291.0
291.0
291.0
291.0
291.0
291.0
291.0
291.0
291.0
291.0
291.0
291.0
291.0
291.0
291.0
291.0
291.0
291.0
291.0
291.0
291.0
291.0
291.0
291.0
291.0
291.0
291.0
291.0
291.0
291.0
291.0
291.0
291.0
291.0
291.0
291.0
291.0
291.0
291.0
291.0
291.0
291.0
291.0
291.0
291.0
291.0
291.0
291.0
291.0
291.0
291.0
291.0
291.0
291.0
291.0
291.0
291.0
291.0
291.0
291.0
291.0
291.0
291.0
291.0
291.0
291.0
291.0
291.0
291.0
291.0
291.0
291.0
291.0
291.0
291.0
291.0
291.0
291.0
291.0
291.0
291.0
291.0
291.0
291.0
291.0
291.0
291.0
291.0
291.0
291.0
291.0
291.0
291.0
291.0
291.0
291.0
291.0
291.0
291.0
291.0
291.0
291.0
291.0
291.0
291.0
291.0
291.0
291.0
291.0
291.0
291.0
291.0
291.0
291.0
291.0
291.0
291.0
291.0
291.0
291.0
291.0
291.0
291.0
291.0
291.0
291.0
291.0
291.0
291.0
291.0
291.0
291.0
291.0
291.0
291.0
291.0
291.0
291.0
291.0
291.0
291.0
291.0
291.0
291.0
291.0
291.0
291.0
291.0
291.0
291.0
291.0
291.0
291.0
291.0
291.0
291.0
291.0
291.0
291.0
291.0
291.0
291.0
291.0
291.0
291.0
291.0
291.0
291.0
291.0
291.0
291.0
291.0
291.0
291.0
291.0
291.0
291.0
291.0
291.0
291.0
291.0
291.0
291.0
291.0
291.0
291.0
291.0
291.0
291.0
291.0
291.0
291.0
291.0
291.0
291.0
291.0
291.0
291.0
291.0
291.0
291.0
291.0
291.0
291.0
291.0
291.0
291.0
291.0
291.0
291.0
291.0
291.0
291.0
291.0
291.0
291.0
291.0
291.0
291.0
291.0
291.0
291.0
291.0
291.0
291.0
291.0
291.0
291.0
291.0
291.0
291.0
291.0
291.0
291.0
291.0
291.0
291.0
291.0
291.0
291.0
291.0
291.0
291.0
291.0
291.0
291.0
291.0
291.0
291.0
291.0
291.0
291.0
291.0
291.0
291.0
291.0
291.0
291.0
291.0
291.0
291.0
291.0
291.0
291.0
291.0
291.0
291.0
291.0
291.0
291.0
291.0
291.0
291.0
291.0
291.0
291.0
291.0
291.0
291.0
291.0
291.0
291.0
291.0
291.0
291.0
291.0
291.0
291.0
291.0
291.0
291.0
291.0
291.0
291.0
291.0
291.0
291.0
291.0
291.0
291.0
291.0
291.0
291.0
291.0
291.0
291.0
291.0
291.0
291.0
291.0
291.0
291.0
291.0
291.0
291.0
291.0
291.0
291.0
291.0
291.0
291.0
291.0
291.0
291.0
291.0
291.0
291.0
291.0
291.0
291.0
291.0
