478.0
478.0
478.0
478.0
476.0
476.0
423.0
423.0
423.0
423.0
423.0
423.0
400.0
388.0
388.0
373.0
373.0
373.0
373.0
373.0
371.0
371.0
371.0
371.0
371.0
371.0
368.0
368.0
368.0
368.0
355.0
355.0
355.0
355.0
355.0
355.0
355.0
355.0
355.0
355.0
355.0
355.0
355.0
355.0
355.0
355.0
355.0
355.0
355.0
355.0
347.0
347.0
347.0
347.0
347.0
347.0
347.0
347.0
347.0
347.0
347.0
347.0
347.0
347.0
347.0
347.0
347.0
347.0
347.0
347.0
347.0
347.0
347.0
347.0
347.0
347.0
347.0
347.0
347.0
347.0
347.0
347.0
347.0
347.0
347.0
347.0
347.0
347.0
347.0
341.0
341.0
341.0
341.0
341.0
341.0
341.0
341.0
341.0
341.0
341.0
341.0
341.0
341.0
341.0
341.0
335.0
335.0
335.0
335.0
335.0
335.0
335.0
335.0
335.0
335.0
335.0
335.0
335.0
335.0
335.0
335.0
335.0
335.0
335.0
335.0
335.0
335.0
327.0
327.0
327.0
327.0
327.0
327.0
327.0
327.0
327.0
327.0
327.0
327.0
327.0
327.0
327.0
327.0
327.0
327.0
327.0
327.0
327.0
327.0
327.0
327.0
327.0
327.0
327.0
327.0
327.0
327.0
327.0
327.0
327.0
327.0
327.0
327.0
327.0
327.0
327.0
327.0
327.0
327.0
327.0
327.0
327.0
327.0
327.0
327.0
327.0
327.0
327.0
327.0
327.0
327.0
327.0
327.0
327.0
327.0
327.0
327.0
327.0
327.0
327.0
307.0
307.0
307.0
307.0
307.0
307.0
307.0
307.0
307.0
307.0
307.0
307.0
307.0
307.0
307.0
307.0
307.0
307.0
307.0
307.0
307.0
307.0
307.0
307.0
307.0
307.0
307.0
307.0
307.0
307.0
307.0
307.0
307.0
307.0
307.0
307.0
307.0
307.0
307.0
307.0
307.0
307.0
307.0
307.0
307.0
307.0
307.0
307.0
307.0
307.0
307.0
307.0
307.0
307.0
307.0
307.0
307.0
307.0
307.0
307.0
307.0
307.0
307.0
307.0
307.0
307.0
307.0
307.0
307.0
307.0
307.0
307.0
307.0
307.0
307.0
307.0
307.0
307.0
307.0
307.0
307.0
307.0
307.0
307.0
307.0
307.0
307.0
307.0
307.0
307.0
307.0
307.0
307.0
307.0
307.0
307.0
307.0
307.0
307.0
307.0
307.0
307.0
307.0
307.0
307.0
307.0
307.0
307.0
307.0
307.0
307.0
307.0
307.0
307.0
307.0
307.0
307.0
307.0
307.0
307.0
307.0
307.0
307.0
307.0
307.0
307.0
307.0
307.0
307.0
307.0
307.0
307.0
307.0
307.0
307.0
307.0
307.0
307.0
307.0
307.0
307.0
307.0
307.0
307.0
307.0
307.0
307.0
307.0
307.0
307.0
307.0
307.0
307.0
307.0
307.0
307.0
307.0
307.0
307.0
307.0
307.0
307.0
307.0
307.0
307.0
307.0
307.0
307.0
307.0
307.0
307.0
307.0
307.0
307.0
307.0
307.0
307.0
307.0
307.0
307.0
307.0
307.0
307.0
307.0
307.0
307.0
307.0
307.0
307.0
307.0
307.0
307.0
307.0
307.0
307.0
307.0
307.0
307.0
307.0
307.0
307.0
307.0
307.0
307.0
307.0
307.0
307.0
307.0
307.0
307.0
307.0
307.0
307.0
307.0
307.0
307.0
307.0
307.0
307.0
307.0
307.0
307.0
307.0
307.0
307.0
307.0
307.0
307.0
307.0
307.0
307.0
307.0
307.0
307.0
307.0
307.0
307.0
307.0
307.0
307.0
307.0
307.0
307.0
307.0
307.0
307.0
307.0
307.0
307.0
307.0
307.0
307.0
307.0
307.0
307.0
307.0
307.0
307.0
307.0
307.0
307.0
307.0
307.0
307.0
307.0
307.0
307.0
307.0
307.0
307.0
307.0
307.0
307.0
307.0
307.0
307.0
307.0
307.0
307.0
307.0
307.0
307.0
307.0
307.0
307.0
307.0
307.0
307.0
307.0
307.0
307.0
307.0
307.0
307.0
307.0
307.0
307.0
307.0
307.0
307.0
307.0
307.0
307.0
307.0
307.0
307.0
307.0
307.0
307.0
307.0
