531.0
520.0
500.0
500.0
429.0
421.0
421.0
409.0
399.0
399.0
399.0
399.0
399.0
399.0
399.0
393.0
393.0
393.0
393.0
382.0
382.0
382.0
375.0
375.0
375.0
375.0
375.0
375.0
375.0
373.0
372.0
349.0
341.0
341.0
333.0
321.0
321.0
321.0
321.0
321.0
321.0
321.0
317.0
295.0
295.0
291.0
291.0
291.0
291.0
291.0
291.0
291.0
291.0
291.0
291.0
291.0
291.0
291.0
291.0
291.0
291.0
291.0
291.0
291.0
291.0
291.0
291.0
291.0
291.0
291.0
291.0
291.0
291.0
291.0
291.0
291.0
291.0
291.0
291.0
291.0
291.0
291.0
291.0
291.0
291.0
291.0
291.0
291.0
291.0
291.0
291.0
291.0
291.0
291.0
291.0
291.0
291.0
291.0
291.0
291.0
291.0
291.0
291.0
291.0
291.0
291.0
291.0
291.0
291.0
291.0
291.0
291.0
291.0
291.0
291.0
291.0
291.0
291.0
291.0
291.0
291.0
291.0
291.0
291.0
291.0
291.0
291.0
291.0
291.0
291.0
291.0
291.0
291.0
291.0
291.0
291.0
291.0
291.0
291.0
291.0
291.0
291.0
291.0
291.0
291.0
291.0
291.0
291.0
291.0
291.0
291.0
291.0
291.0
291.0
291.0
291.0
291.0
291.0
291.0
291.0
291.0
291.0
291.0
291.0
291.0
291.0
291.0
291.0
291.0
291.0
291.0
291.0
291.0
291.0
291.0
291.0
291.0
291.0
291.0
291.0
291.0
291.0
291.0
291.0
291.0
291.0
291.0
291.0
291.0
291.0
291.0
291.0
291.0
291.0
291.0
291.0
291.0
291.0
291.0
291.0
291.0
291.0
291.0
291.0
291.0
291.0
291.0
291.0
291.0
291.0
291.0
291.0
291.0
291.0
291.0
291.0
291.0
291.0
291.0
291.0
291.0
291.0
291.0
291.0
291.0
291.0
291.0
291.0
291.0
291.0
291.0
291.0
291.0
291.0
291.0
291.0
291.0
291.0
291.0
291.0
291.0
291.0
291.0
291.0
291.0
291.0
291.0
291.0
291.0
291.0
291.0
291.0
291.0
291.0
291.0
291.0
291.0
291.0
291.0
291.0
291.0
291.0
291.0
291.0
291.0
291.0
291.0
291.0
291.0
291.0
291.0
291.0
291.0
291.0
291.0
291.0
291.0
291.0
291.0
291.0
291.0
291.0
291.0
291.0
291.0
291.0
291.0
291.0
291.0
291.0
291.0
291.0
291.0
291.0
291.0
291.0
291.0
291.0
291.0
291.0
291.0
291.0
291.0
291.0
291.0
291.0
291.0
291.0
291.0
291.0
291.0
291.0
291.0
291.0
291.0
291.0
291.0
291.0
291.0
291.0
291.0
291.0
291.0
291.0
291.0
291.0
291.0
291.0
291.0
291.0
291.0
291.0
291.0
291.0
291.0
291.0
291.0
291.0
291.0
291.0
291.0
291.0
291.0
291.0
291.0
291.0
291.0
291.0
291.0
291.0
291.0
291.0
291.0
291.0
291.0
291.0
291.0
291.0
291.0
291.0
291.0
291.0
291.0
291.0
291.0
291.0
291.0
291.0
291.0
291.0
291.0
291.0
291.0
291.0
291.0
291.0
291.0
291.0
291.0
291.0
291.0
291.0
291.0
291.0
291.0
291.0
291.0
291.0
291.0
291.0
291.0
291.0
291.0
291.0
291.0
291.0
291.0
291.0
291.0
291.0
291.0
291.0
291.0
291.0
291.0
291.0
291.0
291.0
291.0
291.0
291.0
291.0
291.0
291.0
291.0
291.0
291.0
291.0
291.0
291.0
291.0
291.0
291.0
291.0
291.0
291.0
291.0
291.0
291.0
291.0
291.0
291.0
291.0
291.0
291.0
291.0
291.0
291.0
291.0
291.0
291.0
291.0
291.0
291.0
291.0
291.0
291.0
291.0
291.0
291.0
291.0
291.0
291.0
291.0
291.0
291.0
291.0
291.0
291.0
291.0
291.0
291.0
291.0
291.0
291.0
291.0
291.0
291.0
291.0
291.0
291.0
291.0
291.0
291.0
291.0
291.0
291.0
291.0
291.0
291.0
291.0
291.0
291.0
291.0
291.0
291.0
291.0
291.0
291.0
291.0
291.0
291.0
291.0
291.0
291.0
291.0
291.0
291.0
291.0
291.0
